{'nodes_8_4_1': 137.9239684343338,
 'nodes_10_5_1': 111.11785185337067,
 'nodes_12_4_2': 68.95391571521759,
 'nodes_16_4_2': 50.19291126728058,
 'nodes_18_6_2': 49.954962372779846,
 'nodes_20_5_2': 43.18710660934448,
 'nodes_22_11_1': 83.88333368301392,
 'nodes_24_6_2': 37.25006282329559,
 'nodes_28_7_2': 45.47259247303009,
 'nodes_30_5_2': 28.787882566452026,
 'nodes_32_4_2': 24.973069548606873}
